0 0.3234375 0.18125 0.3140625 0.028125
3 0.2375 0.2140625 0.1328125 0.046875
3 0.253125 0.2578125 0.15625 0.0328125
3 0.2515625 0.3046875 0.1640625 0.0453125
3 0.271875 0.3515625 0.2 0.040625
0 0.3265625 0.4875 0.3109375 0.028125
3 0.240625 0.5203125 0.1328125 0.040625
3 0.271875 0.5640625 0.190625 0.034375
0 0.3234375 0.7421875 0.31875 0.0234375
3 0.253125 0.775 0.165625 0.040625
3 0.2578125 0.8203125 0.16875 0.05
3 0.265625 0.871875 0.1859375 0.040625
0 0.6484375 0.15 0.3078125 0.04375
3 0.6171875 0.1953125 0.2390625 0.0375
3 0.6234375 0.2359375 0.25 0.034375
3 0.615625 0.2796875 0.23125 0.0359375
0 0.6515625 0.3921875 0.3171875 0.0453125
3 0.6328125 0.434375 0.265625 0.0328125
3 0.63125 0.48125 0.265625 0.0421875
3 0.6328125 0.5265625 0.271875 0.040625
2 0.653125 0.7796875 0.31875 0.2328125