0 0.3203125 0.1546875 0.328125 0.046875
3 0.2671875 0.196875 0.209375 0.034375
3 0.2640625 0.2453125 0.20625 0.0421875
3 0.28125 0.29375 0.2375 0.0328125
3 0.28125 0.3390625 0.2390625 0.03125
3 0.271875 0.3890625 0.2203125 0.046875
3 0.2671875 0.68125 0.20625 0.0328125
3 0.2859375 0.728125 0.2515625 0.034375
3 0.2484375 0.771875 0.171875 0.0328125
3 0.2734375 0.821875 0.21875 0.03125
3 0.271875 0.8671875 0.2125 0.0359375
0 0.3140625 0.6359375 0.3375 0.0484375
2 0.65625 0.2828125 0.321875 0.3
2 0.6578125 0.734375 0.321875 0.3046875