3 0.328125 0.2265625 0.296875 0.034375
3 0.325 0.2703125 0.3 0.0359375
3 0.325 0.3171875 0.2953125 0.0390625
3 0.6421875 0.1890625 0.278125 0.034375
3 0.640625 0.2328125 0.2796875 0.0359375
3 0.6453125 0.3734375 0.2890625 0.0390625
3 0.64375 0.4203125 0.2875 0.03125
3 0.3203125 0.7828125 0.28125 0.0296875
3 0.31875 0.825 0.2796875 0.034375
3 0.3171875 0.8734375 0.275 0.0390625
2 0.328125 0.453125 0.30625 0.0984375
2 0.328125 0.603125 0.3015625 0.0578125
2 0.6546875 0.6515625 0.3125 0.2359375
2 0.6515625 0.8625 0.3078125 0.0703125
0 0.65 0.33125 0.3046875 0.0421875
0 0.6484375 0.1484375 0.3046875 0.05
0 0.3234375 0.74375 0.290625 0.025
0 0.3265625 0.184375 0.303125 0.04375