2 0.328125 0.375 0.3140625 0.41875
0 0.3296875 0.771875 0.3078125 0.2578125
3 0.3296875 0.703125 0.2984375 0.0296875
3 0.328125 0.746875 0.2984375 0.0296875
3 0.328125 0.79375 0.2984375 0.0484375
3 0.328125 0.8609375 0.2953125 0.0640625
0 0.65 0.2546875 0.3078125 0.1796875
3 0.5671875 0.2234375 0.1359375 0.0359375
3 0.715625 0.2234375 0.14375 0.0390625
3 0.5609375 0.26875 0.121875 0.0390625
3 0.7203125 0.2703125 0.14375 0.0328125
3 0.7203125 0.3140625 0.1515625 0.040625
3 0.5640625 0.3171875 0.1296875 0.0421875
0 0.6515625 0.44375 0.309375 0.0640625
3 0.5609375 0.45625 0.121875 0.034375
3 0.715625 0.4546875 0.1546875 0.0359375
0 0.6546875 0.6125 0.309375 0.1125
3 0.559375 0.596875 0.1125 0.0359375
3 0.7125 0.596875 0.134375 0.040625
3 0.709375 0.64375 0.1359375 0.0421875
3 0.559375 0.64375 0.1140625 0.034375
0 0.6546875 0.81875 0.3125 0.146875
3 0.578125 0.7984375 0.146875 0.053125
3 0.653125 0.859375 0.2984375 0.053125