0 0.275 0.1859375 0.1875 0.03125
0 0.59375 0.1421875 0.190625 0.0265625
0 0.5953125 0.3640625 0.1875 0.03125
0 0.65 0.5953125 0.3 0.0296875
0 0.275 0.615625 0.19375 0.03125
3 0.2421875 0.221875 0.121875 0.04375
3 0.246875 0.2765625 0.1359375 0.04375
3 0.265625 0.3296875 0.175 0.0421875
3 0.2359375 0.384375 0.1109375 0.040625
3 0.234375 0.4375 0.109375 0.0390625
3 0.2421875 0.490625 0.1265625 0.05
3 0.246875 0.653125 0.128125 0.0453125
3 0.2390625 0.7046875 0.115625 0.0453125
3 0.2390625 0.7578125 0.1140625 0.040625
3 0.2578125 0.8140625 0.1625 0.05
3 0.2515625 0.8671875 0.146875 0.0421875
3 0.571875 0.63125 0.1375 0.0375
3 0.590625 0.684375 0.16875 0.046875
3 0.584375 0.175 0.175 0.0328125
3 0.571875 0.2203125 0.146875 0.0390625
3 0.590625 0.265625 0.1765625 0.0390625
3 0.5859375 0.4 0.1703125 0.040625
3 0.5890625 0.4546875 0.171875 0.0453125
2 0.63125 0.8515625 0.2578125 0.0890625