3 0.24375 0.2140625 0.1265625 0.028125
3 0.3953125 0.2125 0.1328125 0.0328125
3 0.396875 0.2703125 0.14375 0.0328125
3 0.246875 0.2703125 0.1390625 0.0421875
3 0.253125 0.403125 0.1421875 0.03125
3 0.4046875 0.403125 0.14375 0.0359375
3 0.2484375 0.5375 0.125 0.0390625
3 0.396875 0.5375 0.1390625 0.040625
3 0.390625 0.665625 0.121875 0.0390625
3 0.246875 0.6671875 0.1234375 0.0296875
3 0.5640625 0.709375 0.11875 0.034375
3 0.59375 0.7609375 0.178125 0.040625
3 0.5625 0.8125 0.1140625 0.0359375
3 0.58125 0.8671875 0.1515625 0.046875
3 0.5546875 0.465625 0.103125 0.040625
3 0.56875 0.51875 0.1265625 0.04375
2 0.653125 0.2203125 0.3078125 0.1921875
2 0.334375 0.840625 0.30625 0.09375
0 0.6546875 0.421875 0.3109375 0.059375
0 0.3140625 0.1828125 0.2703125 0.0265625
0 0.315625 0.3671875 0.2640625 0.028125
0 0.3203125 0.4984375 0.2796875 0.025
0 0.3171875 0.634375 0.2640625 0.03125
0 0.596875 0.6828125 0.1828125 0.028125