0 0.3296875 0.3578125 0.30625 0.040625
3 0.2578125 0.3984375 0.153125 0.0375
3 0.23125 0.44375 0.1 0.0375
3 0.23125 0.4875 0.1046875 0.0359375
0 0.328125 0.6078125 0.309375 0.040625
3 0.328125 0.696875 0.2953125 0.134375
3 0.328125 0.8328125 0.2953125 0.1296875
0 0.65 0.1859375 0.3078125 0.040625
3 0.5796875 0.2296875 0.159375 0.0359375
3 0.5796875 0.275 0.1609375 0.0390625
3 0.56875 0.31875 0.1390625 0.0390625
0 0.6515625 0.403125 0.30625 0.0203125
3 0.575 0.4296875 0.14375 0.034375
3 0.596875 0.475 0.1890625 0.0328125
2 0.328125 0.2109375 0.3015625 0.0859375
2 0.6515625 0.65 0.309375 0.1203125
2 0.65 0.8296875 0.3015625 0.1265625