0 0.325 0.178125 0.3109375 0.025
3 0.29375 0.21875 0.2375 0.053125
3 0.29375 0.2703125 0.234375 0.04375
3 0.2953125 0.321875 0.240625 0.0578125
3 0.2953125 0.378125 0.240625 0.05
0 0.3296875 0.484375 0.31875 0.03125
3 0.290625 0.521875 0.225 0.053125
3 0.3171875 0.575 0.278125 0.0484375
3 0.309375 0.6265625 0.2671875 0.046875
3 0.3140625 0.6796875 0.2703125 0.046875
0 0.3328125 0.7859375 0.309375 0.0265625
3 0.2421875 0.8203125 0.121875 0.034375
3 0.25 0.871875 0.1375 0.046875
0 0.6484375 0.778125 0.290625 0.0296875
3 0.5953125 0.81875 0.1796875 0.0453125
3 0.6078125 0.8703125 0.203125 0.046875
0 0.6515625 0.528125 0.3046875 0.046875
3 0.5875 0.578125 0.171875 0.0453125
3 0.590625 0.63125 0.1734375 0.0453125
0 0.6515625 0.1890625 0.3078125 0.0265625
3 0.5953125 0.228125 0.19375 0.0484375
3 0.6 0.28125 0.2 0.05
3 0.6015625 0.33125 0.1984375 0.0421875