0 0.3296875 0.1734375 0.309375 0.028125
3 0.2296875 0.2109375 0.1046875 0.0453125
3 0.24375 0.26875 0.1265625 0.0484375
3 0.246875 0.3203125 0.140625 0.053125
3 0.25 0.378125 0.146875 0.05
0 0.328125 0.5 0.3109375 0.025
3 0.2421875 0.5359375 0.128125 0.040625
3 0.25625 0.5875 0.1578125 0.046875
3 0.2703125 0.6390625 0.1859375 0.0484375
0 0.3296875 0.7703125 0.3140625 0.05
3 0.2453125 0.815625 0.134375 0.0578125
3 0.271875 0.8703125 0.1875 0.0484375
0 0.6453125 0.1390625 0.296875 0.0328125
3 0.5765625 0.175 0.1515625 0.046875
3 0.575 0.228125 0.1453125 0.0453125
3 0.5796875 0.284375 0.153125 0.05
3 0.5859375 0.3359375 0.171875 0.04375
0 0.653125 0.5328125 0.3109375 0.021875
3 0.5703125 0.5734375 0.1390625 0.040625
3 0.5875 0.6234375 0.1703125 0.0484375
0 0.653125 0.78125 0.3078125 0.03125
3 0.575 0.8171875 0.1421875 0.0421875
3 0.5796875 0.871875 0.1515625 0.0453125