0 0.3328125 0.178125 0.315625 0.0296875
3 0.2234375 0.2109375 0.0859375 0.0453125
3 0.375 0.2125 0.1046875 0.05
3 0.3765625 0.2671875 0.10625 0.04375
3 0.2390625 0.2671875 0.1203125 0.0515625
0 0.33125 0.3640625 0.3109375 0.0453125
3 0.271875 0.40625 0.18125 0.0453125
3 0.2765625 0.4640625 0.1921875 0.0484375
3 0.2796875 0.5125 0.196875 0.04375
0 0.33125 0.6078125 0.3125 0.04375
3 0.2703125 0.653125 0.1828125 0.0453125
3 0.2875 0.70625 0.215625 0.046875
0 0.3328125 0.8328125 0.30625 0.028125
3 0.3875 0.86875 0.1359375 0.0421875
3 0.2359375 0.8671875 0.109375 0.0390625
0 0.64375 0.1765625 0.2875 0.028125
3 0.5484375 0.2125 0.0921875 0.046875
3 0.6984375 0.209375 0.1078125 0.05
3 0.6984375 0.265625 0.10625 0.0453125
3 0.5484375 0.265625 0.09375 0.04375
0 0.6546875 0.4203125 0.309375 0.0328125
3 0.565625 0.4546875 0.121875 0.04375
3 0.578125 0.503125 0.1484375 0.046875
3 0.56875 0.5578125 0.1265625 0.04375
3 0.5875 0.6109375 0.171875 0.0453125
0 0.653125 0.7234375 0.3 0.025
3 0.609375 0.7609375 0.2015625 0.0453125
3 0.60625 0.8125 0.1984375 0.0421875
3 0.596875 0.8671875 0.1796875 0.0453125